2024-05-03 03:59:34.616 [info] Log level: Info
2024-05-03 03:59:34.616 [info] Validating found git in: "git"
2024-05-03 03:59:34.616 [info] Using git "2.44.0" from "git"
2024-05-03 03:59:34.616 [info] > git rev-parse --show-toplevel [37ms]
2024-05-03 03:59:34.616 [info] > git rev-parse --git-dir --git-common-dir [640ms]
2024-05-03 03:59:34.616 [info] Open repository: /home/pato-devops/DISIWebProject
2024-05-03 03:59:34.744 [info] > git rev-parse --show-toplevel [102ms]
2024-05-03 03:59:34.747 [info] > git config --get commit.template [115ms]
2024-05-03 03:59:34.794 [info] > git rev-parse --show-toplevel [27ms]
2024-05-03 03:59:34.855 [info] > git rev-parse --show-toplevel [40ms]
2024-05-03 03:59:34.856 [info] > git for-each-ref --format=%(refname)%00%(upstream:short)%00%(objectname)%00%(upstream:track)%00%(upstream:remotename)%00%(upstream:remoteref) refs/heads/main refs/remotes/main [72ms]
2024-05-03 03:59:34.894 [info] > git rev-parse --show-toplevel [20ms]
2024-05-03 03:59:34.919 [info] > git rev-parse --show-toplevel [7ms]
2024-05-03 03:59:34.943 [info] > git rev-parse --show-toplevel [7ms]
2024-05-03 03:59:34.965 [info] > git rev-parse --show-toplevel [9ms]
2024-05-03 03:59:34.985 [info] > git rev-parse --show-toplevel [5ms]
2024-05-03 03:59:35.008 [info] > git rev-parse --show-toplevel [8ms]
2024-05-03 03:59:35.030 [info] > git rev-parse --show-toplevel [6ms]
2024-05-03 03:59:35.064 [info] > git rev-parse --show-toplevel [11ms]
2024-05-03 03:59:35.110 [info] > git rev-parse --show-toplevel [8ms]
2024-05-03 03:59:35.136 [info] > git rev-parse --show-toplevel [7ms]
2024-05-03 03:59:35.190 [info] > git rev-parse --show-toplevel [33ms]
2024-05-03 03:59:35.255 [info] > git rev-parse --show-toplevel [35ms]
2024-05-03 03:59:35.281 [info] > git rev-parse --show-toplevel [4ms]
2024-05-03 03:59:35.305 [info] > git rev-parse --show-toplevel [4ms]
2024-05-03 03:59:35.340 [info] > git rev-parse --show-toplevel [3ms]
2024-05-03 03:59:35.365 [info] > git check-ignore -v -z --stdin [115ms]
2024-05-03 03:59:35.373 [info] > git rev-parse --show-toplevel [12ms]
2024-05-03 03:59:35.398 [info] > git rev-parse --show-toplevel [6ms]
2024-05-03 03:59:35.430 [info] > git rev-parse --show-toplevel [12ms]
2024-05-03 03:59:35.477 [info] > git rev-parse --show-toplevel [27ms]
2024-05-03 03:59:35.500 [info] > git status -z -uall [610ms]
2024-05-03 03:59:35.578 [info] > git merge-base refs/heads/main refs/remotes/origin/main [59ms]
2024-05-03 03:59:35.665 [info] > git rev-list --count --left-right refs/heads/main...refs/remotes/origin/main [57ms]
2024-05-03 03:59:35.685 [info] > git config --get commit.template [113ms]
2024-05-03 03:59:35.775 [info] > git diff --name-status -z --diff-filter=ADMR 34b185600931fc93c562d0d4dc2d7c51441f70e4...refs/remotes/origin/main [91ms]
2024-05-03 03:59:35.803 [info] > git for-each-ref --format=%(refname)%00%(upstream:short)%00%(objectname)%00%(upstream:track)%00%(upstream:remotename)%00%(upstream:remoteref) refs/heads/main refs/remotes/main [44ms]
2024-05-03 03:59:36.381 [info] > git status -z -uall [543ms]
2024-05-03 03:59:38.411 [info] > git show --textconv :disiweb/src/views/AdminPage.vue [37ms]
2024-05-03 03:59:38.465 [info] > git show --textconv :disiweb/src/views/AchievementAdmin.vue [29ms]
2024-05-03 03:59:38.466 [info] > git ls-files --stage -- /home/pato-devops/DISIWebProject/disiweb/src/views/AdminPage.vue [66ms]
2024-05-03 03:59:38.498 [info] > git cat-file -s c6ae487d1fec7457357dcb51b43929e0ec508b41 [9ms]
2024-05-03 03:59:38.502 [info] > git ls-files --stage -- /home/pato-devops/DISIWebProject/disiweb/src/views/AchievementAdmin.vue [42ms]
2024-05-03 03:59:38.531 [info] > git cat-file -s e35998912ad5c699a2b8b24d629e9eeda8388e40 [12ms]
2024-05-03 03:59:39.052 [info] > git log --format=%H%n%aN%n%aE%n%at%n%ct%n%P%n%D%n%B -z -n120 --follow -- /home/pato-devops/DISIWebProject/disiweb/src/views/AdminPage.vue [3863ms]
